[gd_scene load_steps=5 format=3 uid="uid://gbgeny1vs4y0"]

[ext_resource type="ArrayMesh" uid="uid://nsw5kneisray" path="res://player/skeletal_mesh/BaseFemaleMesh.res" id="1_bhpvd"]
[ext_resource type="AnimationLibrary" uid="uid://gxp4uqjdhp0x" path="res://player/animations/Locomotion.res" id="1_iltg6"]
[ext_resource type="Skin" uid="uid://ijvxf8607kby" path="res://player/skeletal_mesh/BaseFemaleMesh_Skin.tres" id="2_27coj"]

[sub_resource type="CapsuleShape3D" id="CapsuleShape3D_6ib73"]
radius = 0.4
height = 1.8

[node name="Player" type="CharacterBody3D"]

[node name="CollisionShape3D" type="CollisionShape3D" parent="."]
transform = Transform3D(1, 0, 0, 0, 1, 0, 0, 0, 1, 0, 0.901845, 0)
shape = SubResource("CapsuleShape3D_6ib73")

[node name="root" type="Node3D" parent="."]
transform = Transform3D(0.01, 0, 0, 0, 0.01, 0, 0, 0, 0.01, 0, 0, 0)

[node name="Skeleton3D" type="Skeleton3D" parent="root"]
bones/0/name = "root.x"
bones/0/parent = -1
bones/0/rest = Transform3D(0.98554, 0.0447499, -0.163428, -0.0788745, 0.974787, -0.20873, 0.149967, 0.218602, 0.964221, -0.0766515, 90.3478, 5.39695)
bones/0/enabled = true
bones/0/position = Vector3(4.94824, 101.335, 4.98089)
bones/0/rotation = Quaternion(-0.00267445, -0.0456907, -0.0279834, 0.99856)
bones/0/scale = Vector3(1, 1, 1)
bones/1/name = "spine_01.x"
bones/1/parent = 0
bones/1/rest = Transform3D(0.983101, -0.100807, 0.15281, 0.130643, 0.97107, -0.199885, -0.12824, 0.216471, 0.96783, -4.49911e-06, 10.504, -1.22517)
bones/1/enabled = true
bones/1/position = Vector3(-4.49911e-06, 10.504, -1.22517)
bones/1/rotation = Quaternion(0.0447448, 0.01124, 0.0418129, 0.99806)
bones/1/scale = Vector3(1, 1, 1)
bones/2/name = "spine_02.x"
bones/2/parent = 1
bones/2/rest = Transform3D(0.998669, -0.00574644, 0.0512635, 0.00534088, 0.999953, 0.00804478, -0.0513073, -0.00776028, 0.998653, -1.82558e-08, 10.5751, -1.34134e-06)
bones/2/enabled = true
bones/2/position = Vector3(-1.82558e-08, 10.5751, -1.34134e-06)
bones/2/rotation = Quaternion(-0.0226524, 0.0121965, 0.0269389, 0.999306)
bones/2/scale = Vector3(1, 1, 1)
bones/3/name = "spine_03.x"
bones/3/parent = 2
bones/3/rest = Transform3D(1, -5.57252e-09, -2.44041e-07, 1.12409e-08, 0.99973, 0.0232334, 2.43846e-07, -0.0232334, 0.99973, -9.48061e-07, 10.5752, -4.46725e-06)
bones/3/enabled = true
bones/3/position = Vector3(-9.48061e-07, 10.5752, -4.46725e-06)
bones/3/rotation = Quaternion(-0.0116175, -1.2198e-07, 4.20364e-09, 0.999933)
bones/3/scale = Vector3(1, 1, 1)
bones/4/name = "neck.x"
bones/4/parent = 3
bones/4/rest = Transform3D(0.999763, 0.00392078, 0.0213916, -0.000154122, 0.984868, -0.173309, -0.0217474, 0.173265, 0.984635, -4.76795e-06, 10.5751, 3.61827e-06)
bones/4/enabled = true
bones/4/position = Vector3(-4.76795e-06, 10.5751, 3.61827e-06)
bones/4/rotation = Quaternion(0.0986582, 0.0087342, 0.0027077, 0.995079)
bones/4/scale = Vector3(1, 1, 1)
bones/5/name = "head.x"
bones/5/parent = 4
bones/5/rest = Transform3D(0.993231, 0.114931, 0.0168264, -0.108568, 0.867059, 0.486232, 0.0412934, -0.484768, 0.873668, 2.79892e-06, 8.74401, -7.38802e-07)
bones/5/enabled = true
bones/5/position = Vector3(2.79892e-06, 8.74401, -7.38802e-07)
bones/5/rotation = Quaternion(-0.121662, -0.0043621, -0.0458695, 0.991501)
bones/5/scale = Vector3(1, 1, 1)
bones/6/name = "shoulder.l"
bones/6/parent = 3
bones/6/rest = Transform3D(-0.150749, 0.954097, 0.258793, -0.159432, -0.281821, 0.946128, 0.975632, 0.101368, 0.194598, 3.34217, 4.17763, 3.03985)
bones/6/enabled = true
bones/6/position = Vector3(3.34217, 4.17763, 3.03985)
bones/6/rotation = Quaternion(0.585379, 0.322318, 0.5615, -0.488017)
bones/6/scale = Vector3(1, 1, 1)
bones/7/name = "arm_stretch.l"
bones/7/parent = 6
bones/7/rest = Transform3D(0.891837, -0.249547, 0.377296, -0.123182, 0.668574, 0.733373, -0.43526, -0.700526, 0.565519, 4.12114e-07, 10.7371, 1.37021e-05)
bones/7/enabled = true
bones/7/position = Vector3(4.12114e-07, 10.7371, 1.37021e-05)
bones/7/rotation = Quaternion(-0.455286, 0.178089, -0.139843, 0.861071)
bones/7/scale = Vector3(1, 1, 1)
bones/8/name = "arm_twist.l"
bones/8/parent = 7
bones/8/rest = Transform3D(0.862432, -1.31518e-06, -0.506173, 2.99239e-06, 1, 2.50024e-06, 0.506173, -3.67095e-06, 0.862432, 4.76782e-07, 3.78497e-06, 5.07832e-05)
bones/8/enabled = true
bones/8/position = Vector3(4.76782e-07, 3.78497e-06, 5.07832e-05)
bones/8/rotation = Quaternion(-1.61595e-06, -0.254216, 1.05415e-06, 0.967148)
bones/8/scale = Vector3(1, 1, 1)
bones/9/name = "forearm_stretch.l"
bones/9/parent = 7
bones/9/rest = Transform3D(0.761787, 0.647317, 0.0257158, -0.645529, 0.755143, 0.11424, 0.0545304, -0.103627, 0.99312, -1.32185e-05, 21.886, -3.29018e-05)
bones/9/enabled = true
bones/9/position = Vector3(-1.32185e-05, 21.886, -3.29018e-05)
bones/9/rotation = Quaternion(-0.0187557, -0.0072655, -0.156702, 0.987441)
bones/9/scale = Vector3(1, 0.999999, 1)
bones/10/name = "forearm_twist.l"
bones/10/parent = 9
bones/10/rest = Transform3D(0.969316, -1.27662e-08, 0.245816, 2.94591e-08, 1, -6.42311e-08, -0.245816, 6.95017e-08, 0.969317, 1.56714e-05, 11.4565, -2.74427e-06)
bones/10/enabled = true
bones/10/position = Vector3(4.51547e-06, 11.4565, 1.94494e-06)
bones/10/rotation = Quaternion(-1.84669e-08, 0.216064, 1.86256e-08, 0.976379)
bones/10/scale = Vector3(1, 1, 1)
bones/11/name = "hand.l"
bones/11/parent = 9
bones/11/rest = Transform3D(0.890794, 0.395555, 0.223657, -0.397919, 0.916698, -0.0363971, -0.219423, -0.056575, 0.973988, -3.35476e-06, 22.9131, -9.96554e-06)
bones/11/enabled = true
bones/11/position = Vector3(-3.35476e-06, 22.9131, -9.96554e-06)
bones/11/rotation = Quaternion(0.149968, 0.202635, -0.201473, 0.946497)
bones/11/scale = Vector3(1, 1, 1)
bones/12/name = "c_index1.l"
bones/12/parent = 11
bones/12/rest = Transform3D(0.814555, 0.578873, 0.0374931, -0.286652, 0.345483, 0.893573, 0.504312, -0.738612, 0.44735, 0.998773, 5.84281, -1.03114)
bones/12/enabled = true
bones/12/position = Vector3(0.998754, 5.84283, -1.03112)
bones/12/rotation = Quaternion(-0.19795, -0.0942317, 0.0021078, 0.97567)
bones/12/scale = Vector3(1, 1, 1)
bones/13/name = "c_index2.l"
bones/13/parent = 12
bones/13/rest = Transform3D(0.905329, 0.414159, 0.0940742, -0.281061, 0.41818, 0.863788, 0.318406, -0.808454, 0.494995, -4.38068e-06, 2.42076, -1.01317e-05)
bones/13/enabled = true
bones/13/position = Vector3(-4.38068e-06, 2.42076, -1.01317e-05)
bones/13/rotation = Quaternion(-0.171888, -0.00664379, -0.0445536, 0.984086)
bones/13/scale = Vector3(1, 1, 1)
bones/14/name = "c_index3.l"
bones/14/parent = 13
bones/14/rest = Transform3D(0.901657, 0.422973, 0.090045, -0.364195, 0.630423, 0.685513, 0.233187, -0.650892, 0.72247, -3.46526e-06, 2.35197, 1.47171e-05)
bones/14/enabled = true
bones/14/position = Vector3(-3.46526e-06, 2.35197, 1.47171e-05)
bones/14/rotation = Quaternion(-0.00842724, 0.0177301, -0.0300599, 0.999355)
bones/14/scale = Vector3(1, 1, 1)
bones/15/name = "c_thumb1.l"
bones/15/parent = 11
bones/15/rest = Transform3D(0.535183, 0.745962, 0.396384, -0.742159, 0.639332, -0.201134, -0.403459, -0.186536, 0.895782, 2.63769, 2.27354, -0.60701)
bones/15/enabled = true
bones/15/position = Vector3(2.63768, 2.2736, -0.607012)
bones/15/rotation = Quaternion(-0.0150496, 0.206153, -0.296295, 0.932461)
bones/15/scale = Vector3(1, 1, 1)
bones/16/name = "c_thumb2.l"
bones/16/parent = 15
bones/16/rest = Transform3D(0.96337, -0.237671, -0.12422, 0.265095, 0.773986, 0.575039, -0.0405254, -0.586906, 0.808641, 1.16348e-05, 3.25834, 1.01842e-05)
bones/16/enabled = true
bones/16/position = Vector3(-1.46992e-05, 3.25836, 5.2094e-06)
bones/16/rotation = Quaternion(-0.189509, -0.0172925, 0.0968124, 0.976942)
bones/16/scale = Vector3(0.999999, 1, 1)
bones/17/name = "c_thumb3.l"
bones/17/parent = 16
bones/17/rest = Transform3D(0.986127, -0.157898, 0.051194, 0.165959, 0.931901, -0.322518, 0.0032173, 0.32654, 0.945178, -6.33739e-06, 2.58696, 6.63986e-06)
bones/17/enabled = true
bones/17/position = Vector3(-6.33739e-06, 2.58696, 6.63986e-06)
bones/17/rotation = Quaternion(-0.0116365, 0.0370538, 0.0473522, 0.998123)
bones/17/scale = Vector3(1, 1, 1)
bones/18/name = "shoulder.r"
bones/18/parent = 3
bones/18/rest = Transform3D(0.128548, -0.938719, -0.319816, 0.164592, -0.297824, 0.940325, -0.977949, -0.173516, 0.116221, -3.34216, 4.17766, 3.03986)
bones/18/enabled = true
bones/18/position = Vector3(-3.34216, 4.17766, 3.03986)
bones/18/rotation = Quaternion(0.592278, -0.32307, -0.531977, -0.511695)
bones/18/scale = Vector3(1, 1, 1)
bones/19/name = "arm_stretch.r"
bones/19/parent = 18
bones/19/rest = Transform3D(0.675224, -0.717003, -0.173149, 0.673214, 0.503125, 0.541894, -0.301424, -0.482467, 0.822417, 1.71081e-06, 10.7371, 1.3301e-05)
bones/19/enabled = true
bones/19/position = Vector3(1.71081e-06, 10.7371, 1.3301e-05)
bones/19/rotation = Quaternion(-0.427864, -0.253497, 0.124584, 0.858574)
bones/19/scale = Vector3(1, 1, 1)
bones/20/name = "arm_twist.r"
bones/20/parent = 19
bones/20/rest = Transform3D(0.970528, -1.24585e-07, 0.240988, -1.83694e-07, 1, 1.25676e-06, -0.240988, -1.26399e-06, 0.970528, -2.02651e-06, -7.83795e-06, 6.79496e-06)
bones/20/enabled = true
bones/20/position = Vector3(1.78818e-06, 1.50502e-05, -8.34506e-07)
bones/20/rotation = Quaternion(-1.0453e-06, 0.32439, -5.15427e-07, 0.945923)
bones/20/scale = Vector3(1, 1, 1)
bones/21/name = "forearm_stretch.r"
bones/21/parent = 19
bones/21/rest = Transform3D(0.200259, -0.971313, -0.128249, 0.963597, 0.171599, 0.205019, -0.17713, -0.164637, 0.970319, 6.78112e-06, 21.886, -3.91305e-05)
bones/21/enabled = true
bones/21/position = Vector3(6.78112e-06, 21.886, -3.91305e-05)
bones/21/rotation = Quaternion(-0.0228813, 0.00847678, 0.175139, 0.98424)
bones/21/scale = Vector3(0.999999, 1, 1)
bones/22/name = "forearm_twist.r"
bones/22/parent = 21
bones/22/rest = Transform3D(0.478233, -2.49066e-07, -0.878233, 2.82214e-07, 1, -1.29923e-07, 0.878233, -1.85716e-07, 0.478233, -1.53968e-05, 11.4566, 6.05928e-06)
bones/22/enabled = true
bones/22/position = Vector3(-3.02258e-06, 11.4565, -2.06888e-06)
bones/22/rotation = Quaternion(-1.70861e-07, -0.103726, 1.715e-09, 0.994606)
bones/22/scale = Vector3(1, 1, 1)
bones/23/name = "hand.r"
bones/23/parent = 21
bones/23/rest = Transform3D(0.399842, -0.380883, -0.833699, -0.232992, 0.837459, -0.494344, 0.886476, 0.391905, 0.246109, 1.48545e-06, 22.9131, -2.25844e-05)
bones/23/enabled = true
bones/23/position = Vector3(1.48545e-06, 22.9131, -2.25844e-05)
bones/23/rotation = Quaternion(0.245619, -0.104126, 0.140853, 0.953409)
bones/23/scale = Vector3(1, 1, 1)
bones/24/name = "c_index1.r"
bones/24/parent = 23
bones/24/rest = Transform3D(0.635801, -0.719353, -0.2798, 0.239972, -0.160311, 0.957452, -0.733601, -0.675893, 0.0706987, -0.998748, 5.84283, -1.03106)
bones/24/enabled = true
bones/24/position = Vector3(-0.998761, 5.84281, -1.0311)
bones/24/rotation = Quaternion(-0.151934, 0.0823417, 0.0105713, 0.984898)
bones/24/scale = Vector3(1, 1, 1)
bones/25/name = "c_index2.r"
bones/25/parent = 24
bones/25/rest = Transform3D(0.89696, -0.42962, -0.104352, 0.298871, 0.415291, 0.859191, -0.325789, -0.801848, 0.5009, -1.10975e-05, 2.42073, 1.41182e-05)
bones/25/enabled = true
bones/25/position = Vector3(-1.27923e-06, 2.42075, 8.48225e-06)
bones/25/rotation = Quaternion(-0.0942663, -0.00603565, 0.00290432, 0.995524)
bones/25/scale = Vector3(0.999999, 1, 1)
bones/26/name = "c_index3.r"
bones/26/parent = 25
bones/26/rest = Transform3D(0.895095, -0.435234, -0.0968261, 0.379265, 0.629026, 0.67859, -0.234439, -0.644125, 0.728108, -1.51449e-05, 2.35198, 2.20606e-08)
bones/26/enabled = true
bones/26/position = Vector3(-8.64978e-06, 2.35197, -2.43193e-06)
bones/26/rotation = Quaternion(-0.0084293, -0.0177317, 0.0300632, 0.999355)
bones/26/scale = Vector3(1, 1, 1)
bones/27/name = "c_thumb1.r"
bones/27/parent = 23
bones/27/rest = Transform3D(0.45656, -0.845498, -0.276923, 0.756328, 0.532756, -0.379655, 0.46853, -0.03611, 0.882709, -2.63764, 2.27363, -0.606964)
bones/27/enabled = true
bones/27/position = Vector3(-2.63765, 2.2736, -0.606988)
bones/27/rotation = Quaternion(-0.0124203, -0.182083, 0.270148, 0.945363)
bones/27/scale = Vector3(1, 1, 1)
bones/28/name = "c_thumb2.r"
bones/28/parent = 27
bones/28/rest = Transform3D(0.956624, 0.256629, 0.137882, -0.287278, 0.752386, 0.592778, 0.0483831, -0.606676, 0.793475, 1.25677e-06, 3.25834, 1.67578e-05)
bones/28/enabled = true
bones/28/position = Vector3(-1.19805e-05, 3.25835, 1.21037e-05)
bones/28/rotation = Quaternion(-0.225508, 0.0306173, -0.0992791, 0.968686)
bones/28/scale = Vector3(1, 1, 1)
bones/29/name = "c_thumb3.r"
bones/29/parent = 28
bones/29/rest = Transform3D(0.975831, 0.213278, -0.047603, -0.218499, 0.948839, -0.227951, -0.00344934, 0.232843, 0.972508, -1.32503e-05, 2.58697, -1.16037e-05)
bones/29/enabled = true
bones/29/position = Vector3(-1.32503e-05, 2.58697, -1.16037e-05)
bones/29/rotation = Quaternion(-0.0116299, -0.0370566, -0.047365, 0.998122)
bones/29/scale = Vector3(1, 1, 1)
bones/30/name = "thigh_stretch.l"
bones/30/parent = 0
bones/30/rest = Transform3D(0.0213171, 0.0620589, 0.997861, 0.920146, -0.391547, 0.0046943, 0.390995, 0.918062, -0.065451, 7.70847, 4.72051e-05, -1.00261e-05)
bones/30/enabled = true
bones/30/position = Vector3(7.70847, 2.44474e-05, -7.57791e-06)
bones/30/rotation = Quaternion(0.709265, 0.185839, 0.675494, 0.0782037)
bones/30/scale = Vector3(1, 0.999999, 1.00002)
bones/31/name = "leg_stretch.l"
bones/31/parent = 30
bones/31/rest = Transform3D(-0.511784, -0.856012, 0.0729485, 0.848886, -0.516927, -0.110362, 0.13218, 0.00544366, 0.991211, -4.31122e-06, 46.9036, -9.53671e-07)
bones/31/enabled = true
bones/31/position = Vector3(-4.31122e-06, 46.9036, -9.53671e-07)
bones/31/rotation = Quaternion(-0.00349135, -0.00118639, 0.243621, 0.969864)
bones/31/scale = Vector3(1, 1, 1)
bones/32/name = "foot.l"
bones/32/parent = 31
bones/32/rest = Transform3D(0.209748, 0.901754, 0.377948, 0.301967, 0.307907, -0.902225, -0.929958, 0.303368, -0.207717, -7.70309e-06, 47.145, -1.55499e-07)
bones/32/enabled = true
bones/32/position = Vector3(-7.70309e-06, 47.145, -1.55499e-07)
bones/32/rotation = Quaternion(0.390451, 0.475266, -0.31436, 0.723082)
bones/32/scale = Vector3(1, 1, 1)
bones/33/name = "toes_01.l"
bones/33/parent = 32
bones/33/rest = Transform3D(-0.999971, -0.00131056, -0.0074373, -0.00358122, 0.949343, 0.314219, 0.00664875, 0.314237, -0.949321, -2.33739e-06, 15.0119, 1.20423e-06)
bones/33/enabled = true
bones/33/position = Vector3(-2.33739e-06, 15.0119, 1.20423e-06)
bones/33/rotation = Quaternion(-0.0199081, 0.971098, 0.236937, 0.0208237)
bones/33/scale = Vector3(1, 0.999999, 1)
bones/34/name = "leg_twist.l"
bones/34/parent = 31
bones/34/rest = Transform3D(0.986255, -1.4823e-07, -0.165233, 1.05571e-07, 1, -2.66961e-07, 0.165233, 2.45848e-07, 0.986255, 4.49345e-05, 23.5725, -6.4671e-06)
bones/34/enabled = true
bones/34/position = Vector3(2.39536e-05, 23.5725, 3.06964e-06)
bones/34/rotation = Quaternion(-4.36752e-07, -0.158959, 2.5115e-07, 0.987285)
bones/34/scale = Vector3(1, 1, 1)
bones/35/name = "thigh_twist.l"
bones/35/parent = 30
bones/35/rest = Transform3D(0.998894, 1.29909e-07, 0.0470091, -1.32549e-07, 1, 5.30518e-08, -0.0470091, -5.92242e-08, 0.998894, 9.65595e-06, -1.10609e-05, -1.11759e-06)
bones/35/enabled = true
bones/35/position = Vector3(2.02656e-06, -1.10609e-05, 3.12924e-07)
bones/35/rotation = Quaternion(-7.68356e-08, 0.0144435, 1.38566e-07, 0.999896)
bones/35/scale = Vector3(1, 1, 1)
bones/36/name = "thigh_stretch.r"
bones/36/parent = 0
bones/36/rest = Transform3D(0.222972, 0.00672203, -0.974802, -0.540997, -0.830998, -0.129475, -0.81093, 0.556234, -0.181653, -7.70848, 1.07922e-05, 9.52556e-06)
bones/36/enabled = true
bones/36/position = Vector3(-7.70848, 1.07922e-05, 9.52556e-06)
bones/36/rotation = Quaternion(0.752708, -0.00799706, -0.652365, 0.0882458)
bones/36/scale = Vector3(1, 1, 1)
bones/37/name = "leg_stretch.r"
bones/37/parent = 36
bones/37/rest = Transform3D(0.318687, 0.945269, 0.0700223, -0.924695, 0.326281, -0.196165, -0.208276, -0.00223406, 0.978068, 4.80202e-06, 46.9037, 1.03563e-06)
bones/37/enabled = true
bones/37/position = Vector3(4.80202e-06, 46.9037, 1.03563e-06)
bones/37/rotation = Quaternion(-0.000865805, 2.05712e-05, -0.164116, 0.986441)
bones/37/scale = Vector3(1, 0.999999, 1)
bones/38/name = "foot.r"
bones/38/parent = 37
bones/38/rest = Transform3D(0.0382532, -0.929647, -0.36646, 0.0324522, 0.367691, -0.929382, 0.998741, 0.0236594, 0.0442344, 5.89054e-06, 47.145, 2.01768e-06)
bones/38/enabled = true
bones/38/position = Vector3(5.89054e-06, 47.145, 2.01768e-06)
bones/38/rotation = Quaternion(0.447035, -0.514988, 0.335888, 0.649713)
bones/38/scale = Vector3(1, 1, 1)
bones/39/name = "toes_01.r"
bones/39/parent = 38
bones/39/rest = Transform3D(-0.999457, 0.00863684, -0.031799, -0.0264824, 0.363706, 0.931137, 0.0196076, 0.931474, -0.36328, 4.2756e-07, 15.0119, 1.54025e-06)
bones/39/enabled = true
bones/39/position = Vector3(4.2756e-07, 15.0119, 1.54025e-06)
bones/39/rotation = Quaternion(-0.00651501, 0.96505, 0.261899, 0.00666541)
bones/39/scale = Vector3(1, 1, 1)
bones/40/name = "leg_twist.r"
bones/40/parent = 37
bones/40/rest = Transform3D(0.999962, -6.94099e-07, 0.00874335, 6.91971e-07, 1, 2.46392e-07, -0.00874336, -2.40332e-07, 0.999961, -2.06828e-05, 23.5725, -2.35066e-06)
bones/40/enabled = true
bones/40/position = Vector3(-1.20997e-05, 23.5725, -9.50321e-06)
bones/40/rotation = Quaternion(9.53555e-09, 0.106934, 9.02184e-09, 0.994266)
bones/40/scale = Vector3(1, 1, 1)
bones/41/name = "thigh_twist.r"
bones/41/parent = 36
bones/41/rest = Transform3D(0.978587, 3.31367e-07, -0.205831, -3.41083e-07, 1, -1.17217e-08, 0.205831, 8.16763e-08, 0.978588, 4.18723e-06, 4.66185e-05, -2.57045e-07)
bones/41/enabled = true
bones/41/position = Vector3(4.18723e-06, 4.66185e-05, -2.57045e-07)
bones/41/rotation = Quaternion(5.09143e-07, -0.0657238, -2.15259e-07, 0.997838)
bones/41/scale = Vector3(1, 1, 1)

[node name="PlayerMesh" type="MeshInstance3D" parent="root/Skeleton3D"]
mesh = ExtResource("1_bhpvd")
skin = ExtResource("2_27coj")

[node name="AnimationPlayer" type="AnimationPlayer" parent="."]
root_node = NodePath("../root")
libraries = {
"Locomotion": ExtResource("1_iltg6")
}
